Inputs : [[3.52372275e-03 4.85074621e-03 6.19302846e-03 7.33885380e-03
  8.83012261e-03 1.01268419e-02 1.11469956e-02 1.23960311e-02
  1.32714477e-02 1.41468643e-02 1.65625357e-02 1.79780047e-02
  1.92332565e-02 2.03416424e-02 1.99812873e-02 1.83506381e-02
  1.80799284e-02 1.66838831e-02 1.50632273e-02 1.35284022e-02
  3.42312431e+00 3.43733954e+00 3.53831720e+00 3.69328976e+00
  5.91872883e+00 5.95234823e+00 5.25179482e+00 5.71376419e+00
  7.52929115e+00 7.34234905e+00 6.85373497e+00 5.93195057e+00
  4.89906740e+00 3.82890487e+00 6.20484352e+00 4.52699661e+00
  3.37452745e+00 2.16281700e+00 3.94494843e+00 2.58147693e+00]]
Predicted_A0_gains : [68.91445, 0.21069091796875, 1.5352996826171874]
Predicted_A1_gains : [71.5636, 0.18681657791137696, 0.4402642726898193]
